1 1 : 1 0 0 
2 2 : 1 0 0 
3 3 : 1 0 0 
4 4 : 1 0 0 
5 5 : 1 0 0 
6 6 : 1 0 0 
7 7 : 1 0 0 
8 8 : 1 0 0 
9 9 : 1 0 0 
10 10 : 1 0 0 
11 11 : 0.951397 0.00133479 0.0472686 
12 12 : 0.953126 0.034532 0.0123417 
13 13 : 0.976706 0.0232945 1.378e-08 
14 14 : 0.96036 0.0312513 0.0083884 
15 15 : 0.847709 0.107071 0.0452203 
16 16 : 0.999999 3.66011e-10 9.80179e-07 
17 17 : 0.985579 8.1203e-07 0.0144207 
18 18 : 0.892139 0.107861 3.66325e-07 
19 19 : 0.855368 0.00928251 0.135349 
20 20 : 0.861184 0.138816 4.19177e-15 
21 21 : 0.962286 0.0377058 8.12892e-06 
22 22 : 0.913697 0.0407704 0.0455323 
23 23 : 0.966496 2.88934e-08 0.0335041 
24 24 : 0.875529 0.107217 0.0172537 
25 25 : 0.999999 4.74795e-12 9.88351e-07 
26 26 : 0.86801 0.0822131 0.0497774 
27 27 : 0.999999 3.64732e-07 5.88522e-07 
28 28 : 0.936751 0.0632491 7.7974e-09 
29 29 : 0.999999 6.18536e-08 9.29309e-07 
30 30 : 0.999999 9.84619e-07 1.05635e-13 
31 31 : 0.999999 6.89721e-07 2.91534e-07 
32 32 : 0.840961 0.0370561 0.121983 
33 33 : 0.962564 0.0374352 3.04157e-07 
34 34 : 0.958015 2.07214e-21 0.0419846 
35 35 : 0.885207 4.30688e-13 0.114793 
36 36 : 0.889744 0.0683338 0.0419221 
37 37 : 0.933458 0.0310963 0.035446 
38 38 : 0.993498 3.72263e-07 0.00650179 
39 39 : 0.870737 0.084749 0.0445144 
40 40 : 0.933496 0.00107778 0.0654266 
41 41 : 0.989041 0.000872844 0.0100864 
42 42 : 0.905728 0.00977719 0.0844946 
43 43 : 0.973187 1.73669e-07 0.0268126 
44 44 : 0.928241 0.0095247 0.0622339 
45 45 : 0.851358 0.0406397 0.108002 
46 46 : 0.907379 0.0565581 0.036063 
47 47 : 0.884078 0.115922 3.02411e-40 
48 48 : 0.843936 0.156064 1.07203e-12 
49 49 : 0.999999 9.87748e-08 8.93545e-07 
50 50 : 0.840266 2.13432e-05 0.159713 
51 51 : 0.907543 5.95874e-15 0.092457 
52 52 : 0.99986 0.000139999 9.54365e-11 
53 53 : 0.93691 0.0441912 0.0188987 
54 54 : 0.94421 1.55795e-23 0.0557904 
55 55 : 0.860772 2.21461e-29 0.139228 
56 56 : 0.843229 0.125364 0.0314071 
57 57 : 0.875472 0.0579589 0.0665692 
58 58 : 0.912377 0.0172624 0.0703605 
59 59 : 0.95352 2.88492e-07 0.0464799 
60 60 : 0.999999 6.59115e-15 9.97524e-07 
61 61 : 0 1 0 
62 62 : 0 1 0 
63 63 : 0 1 0 
64 64 : 0 1 0 
65 65 : 0 1 0 
66 66 : 0 1 0 
67 67 : 0 1 0 
68 68 : 0 1 0 
69 69 : 0 1 0 
70 70 : 0 1 0 
71 71 : 0.0375295 0.902976 0.0594942 
72 72 : 0.0744735 0.925526 3.2036e-18 
73 73 : 0.0995975 0.875437 0.0249652 
74 74 : 0.0182046 0.934849 0.0469459 
75 75 : 6.27615e-11 0.915139 0.0848608 
76 76 : 0.139122 0.825601 0.0352767 
77 77 : 0.077769 0.915948 0.00628258 
78 78 : 4.22315e-09 0.999999 9.7515e-07 
79 79 : 0.000502301 0.928502 0.0709958 
80 80 : 0.064369 0.935631 2.31549e-10 
81 81 : 9.89612e-07 0.999999 1.7091e-14 
82 82 : 0.123896 0.876104 5.81769e-18 
83 83 : 4.09383e-12 0.884421 0.115579 
84 84 : 2.2357e-05 0.901135 0.0988426 
85 85 : 0.144384 0.855616 2.69416e-19 
86 86 : 0.11874 0.852738 0.0285217 
87 87 : 2.05849e-15 0.927654 0.0723458 
88 88 : 7.98856e-13 0.999999 9.93237e-07 
89 89 : 0.150786 0.849214 3.08781e-14 
90 90 : 0.0849003 0.9151 1.02715e-17 
91 91 : 2.36408e-10 0.847765 0.152235 
92 92 : 3.24886e-19 0.987074 0.0129263 
93 93 : 0.0396086 0.94623 0.0141615 
94 94 : 0.094886 0.887977 0.0171366 
95 95 : 0.0504875 0.903089 0.0464238 
96 96 : 1.31502e-18 0.903491 0.0965087 
97 97 : 2.63227e-08 0.999999 9.38996e-07 
98 98 : 0.000631749 0.999368 1.24468e-12 
99 99 : 2.11839e-13 0.991045 0.00895494 
100 100 : 0.0123545 0.96563 0.0220158 
101 101 : 0.0822675 0.917684 4.82033e-05 
102 102 : 8.3181e-09 0.932716 0.0672839 
103 103 : 1.51174e-24 0.941313 0.0586872 
104 104 : 0.0374817 0.830633 0.131885 
105 105 : 0.100848 0.865721 0.0334312 
106 106 : 0.000237605 0.982521 0.0172409 
107 107 : 0.0217878 0.978212 1.18988e-08 
108 108 : 0.0171393 0.982861 1.48397e-21 
109 109 : 0.101026 0.898974 1.12711e-07 
110 110 : 0.00120704 0.913536 0.0852572 
111 111 : 0.113896 0.841078 0.0450254 
112 112 : 0.00769459 0.992305 2.5143e-07 
113 113 : 0.0590807 0.925994 0.014925 
114 114 : 0.119274 0.851163 0.0295623 
115 115 : 0.000805 0.916247 0.082948 
116 116 : 0.0820372 0.91796 3.07057e-06 
117 117 : 0.0897877 0.910212 1.99459e-15 
118 118 : 0.0078658 0.914462 0.0776727 
119 119 : 1.18777e-17 0.947607 0.0523929 
120 120 : 0.119315 0.880673 1.22353e-05 
121 121 : 0 0 1 
122 122 : 0 0 1 
123 123 : 0 0 1 
124 124 : 0 0 1 
125 125 : 0 0 1 
126 126 : 0 0 1 
127 127 : 0 0 1 
128 128 : 0 0 1 
129 129 : 0 0 1 
130 130 : 0 0 1 
131 131 : 2.22058e-12 0.0289347 0.971065 
132 132 : 2.0582e-13 0.0382658 0.961734 
133 133 : 0.0188215 0.0139702 0.967208 
134 134 : 5.59595e-05 1.69027e-24 0.999944 
135 135 : 4.33092e-25 0.0151075 0.984892 
136 136 : 0.091099 4.89734e-11 0.908901 
137 137 : 6.57985e-15 9.84113e-07 0.999999 
138 138 : 0.00594131 0.0597243 0.934334 
139 139 : 0.0305459 0.0969276 0.872526 
140 140 : 0.0632444 0.0597644 0.876991 
141 141 : 9.58803e-17 0.134554 0.865446 
142 142 : 0.0176561 0.078773 0.903571 
143 143 : 9.51287e-12 9.98269e-07 0.999999 
144 144 : 0.0966644 0.106529 0.796807 
145 145 : 5.67917e-09 0.00011834 0.999882 
146 146 : 0.0831781 0.0510895 0.865732 
147 147 : 3.302e-06 2.33957e-20 0.999997 
148 148 : 0.0948514 1.73768e-09 0.905149 
149 149 : 0.031336 0.0198046 0.948859 
150 150 : 0.0683944 7.55459e-05 0.93153 
151 151 : 0.0348913 0.0738812 0.891227 
152 152 : 0.127953 0.00166496 0.870382 
153 153 : 0.176903 0.000562704 0.822535 
154 154 : 0.0171153 2.64533e-07 0.982884 
155 155 : 0.0301404 0.0163773 0.953482 
156 156 : 0.0140743 0.00657005 0.979356 
157 157 : 8.2299e-05 0.0627639 0.937154 
158 158 : 0.000393596 0.0844761 0.91513 
159 159 : 5.39938e-18 0.0838052 0.916195 
160 160 : 0.0720922 0.104717 0.823191 
161 161 : 0.107333 9.5928e-06 0.892657 
162 162 : 1.89188e-19 0.127917 0.872083 
163 163 : 7.86865e-14 0.0523336 0.947666 
164 164 : 0.0294556 1.58205e-08 0.970544 
165 165 : 5.7772e-20 0.112025 0.887975 
166 166 : 1.65587e-15 0.0866391 0.913361 
167 167 : 0.0418356 0.0325412 0.925623 
168 168 : 0.111411 1.0757e-18 0.888589 
169 169 : 0.0610574 0.036055 0.902888 
170 170 : 9.26848e-06 4.29048e-26 0.999991 
171 171 : 0.0754342 1.13504e-19 0.924566 
172 172 : 7.0327e-28 0.0730197 0.92698 
173 173 : 6.9457e-12 9.90786e-07 0.999999 
174 174 : 0.000122175 2.62386e-20 0.999878 
175 175 : 0.0362879 7.76601e-22 0.963712 
176 176 : 0.0347869 0.141874 0.823339 
177 177 : 0.104436 0.085528 0.810036 
178 178 : 3.23121e-15 0.105284 0.894716 
179 179 : 0.0150097 9.12943e-07 0.984989 
180 180 : 0.095716 1.0773e-16 0.904284 
181 181 : 0.494296 0.386775 0.118929 
182 182 : 0.116383 0.777801 0.105815 
183 183 : 0.798262 0.191407 0.0103317 
184 184 : 0.930316 1.80512e-05 0.0696662 
185 185 : 0.846089 0.153911 1.65268e-10 
186 186 : 0.56586 0.185433 0.248707 
187 187 : 0.400037 0.139336 0.460627 
188 188 : 0.503698 0.398987 0.0973153 
189 189 : 0.554137 0.259674 0.186189 
190 190 : 0.326926 0.673074 1.38793e-41 
191 191 : 0.0625693 0.228355 0.709076 
192 192 : 0.101238 0.876995 0.0217667 
193 193 : 0.503027 0.466266 0.0307069 
194 194 : 0.774769 0.225231 1.50857e-12 
195 195 : 0.120512 0.0911463 0.788341 
196 196 : 0.298508 0.701492 7.81083e-27 
197 197 : 0.358034 0.441629 0.200337 
198 198 : 0.474228 0.347669 0.178103 
199 199 : 0.502499 0.273152 0.224349 
200 200 : 0.135472 0.614376 0.250152 
201 201 : 0.200364 0.723884 0.0757518 
202 202 : 0.664573 0.322655 0.0127726 
203 203 : 0.523095 0.0993061 0.377599 
204 204 : 0.767736 0.204808 0.0274565 
205 205 : 0.257184 0.108223 0.634593 
206 206 : 0.164274 0.216185 0.619542 
207 207 : 0.363111 0.389769 0.24712 
208 208 : 0.409987 0.411647 0.178366 
209 209 : 0.621376 0.378605 1.87009e-05 
210 210 : 0.313948 0.530566 0.155487 
211 211 : 0.817916 0.0818149 0.100269 
212 212 : 0.752762 0.179739 0.067499 
213 213 : 0.514057 0.210628 0.275314 
214 214 : 0.601517 0.398288 0.000194818 
215 215 : 0.770344 0.228799 0.000857673 
216 216 : 0.559564 0.139452 0.300984 
217 217 : 0.507232 0.264033 0.228736 
218 218 : 0.715679 0.284321 8.25563e-10 
219 219 : 0.481895 0.475144 0.0429613 
220 220 : 0.512029 0.128495 0.359475 
221 221 : 0.314443 0.323591 0.361966 
222 222 : 0.203225 0.796775 6.50561e-09 
223 223 : 0.648318 0.230915 0.120767 
224 224 : 0.0408368 0.933499 0.0256643 
225 225 : 0.221993 0.723291 0.0547163 
226 226 : 0.398991 0.521477 0.0795324 
227 227 : 0.335065 0.575811 0.089124 
228 228 : 0.826957 0.168789 0.00425353 
229 229 : 0.819786 0.138829 0.0413852 
230 230 : 0.488496 0.405053 0.106451 
231 231 : 0.309387 0.690613 7.4334e-09 
232 232 : 0.864201 0.0732778 0.0625214 
233 233 : 0.565821 0.260103 0.174075 
234 234 : 0.358935 0.306552 0.334513 
235 235 : 0.336764 0.663236 1.81426e-10 
236 236 : 0.146197 0.583949 0.269853 
237 237 : 0.899539 3.20047e-07 0.100461 
238 238 : 0.838033 0.083187 0.0787803 
239 239 : 0.078535 0.78728 0.134185 
240 240 : 0.080603 0.794259 0.125138 
241 241 : 0.81098 0.18902 8.6949e-20 
242 242 : 0.54589 0.322627 0.131483 
243 243 : 0.291779 0.53457 0.173652 
244 244 : 0.647414 0.205504 0.147082 
245 245 : 0.543852 0.456148 4.93533e-10 
246 246 : 0.863329 0.136671 1.02753e-26 
247 247 : 0.544036 0.455964 2.34852e-11 
248 248 : 0.669202 0.212697 0.118101 
249 249 : 0.309826 1.05144e-07 0.690174 
250 250 : 0.22891 0.466322 0.304768 
251 251 : 0.491733 0.348104 0.160163 
252 252 : 0.288065 0.604335 0.1076 
253 253 : 0.652674 0.238145 0.10918 
254 254 : 0.500265 0.106199 0.393536 
255 255 : 0.314358 0.427563 0.258079 
256 256 : 0.418671 0.581329 2.36659e-11 
257 257 : 0.1734 0.47905 0.34755 
258 258 : 0.514056 0.142847 0.343096 
259 259 : 0.354879 0.623579 0.0215418 
260 260 : 0.805715 0.19379 0.000494825 
261 261 : 0.261744 0.73824 1.582e-05 
262 262 : 0.999999 6.43454e-09 9.774e-07 
263 263 : 0.337689 0.276802 0.385509 
264 264 : 0.418961 0.422826 0.158214 
265 265 : 0.624988 0.22998 0.145032 
266 266 : 0.509696 0.327374 0.162931 
267 267 : 0.280912 0.616317 0.10277 
268 268 : 0.650803 0.159731 0.189466 
269 269 : 0.764227 0.206179 0.0295945 
270 270 : 0.784289 0.183022 0.0326891 
271 271 : 0.387399 0.364177 0.248423 
272 272 : 0.364295 0.455357 0.180348 
273 273 : 0.0701691 0.894239 0.0355916 
274 274 : 0.472686 0.517756 0.00955826 
275 275 : 0.442569 8.96262e-22 0.557431 
276 276 : 0.556514 0.127671 0.315815 
277 277 : 0.0651299 0.923908 0.010962 
278 278 : 0.252485 0.714231 0.0332844 
279 279 : 0.162546 0.834392 0.00306207 
280 280 : 0.563523 0.335002 0.101475 
